  16   62  75  22
  37   54  58  50
  66   65  38   7
  44   87  60  55
  58    9  39  58
  69   49  59  46
  19   43  22  60
  13   27  55  58
  18   58  39  26
  73   50  45  50
  38   62  26  44
  16    8  66  26
  62   55  19  63
  30  104  21  24
  34   26  12  36
  33   73  58  10
  28   17  19  61
  31   67  18  28
  12   32  26  76
  21   33  19   
  43   56  36   
  28   54  33   
  25   71   2   
  64   89  35   
   9   72  62   
  13   61  48   
  36   46  44   
  30   27  36   
  34   50  28   
  22   43  29   
  10   67  17   
  37   69  45   
  67  108  66   
  24   27  55   
  29   68  20   
  43       35   
  35       26   
  51       31   
  39       55   
  69       74   
  89       43   
   5       30   
  17       22   
  46       52   
   6       69   
  27       32   
  37        4   
  37       18   
  61       52   
  32       42   
  41       50   
  26       23   
  32       55   
  65       65   
   2       18   
  48       27   
  39       29   
  76        8   
  46       74   
  57       56   
  62       51   
  71       32   
  39       20   
  51       28   
  47       61   
  35       42   
  50       29   
           84   
           75   
           55   
           22   
            7   
           33   
           51   
           53   
           34   
           76   
           31   
           38   
           54   
           30   
           18   
           40   
           31   
           29   
           11   
            7   
           12   
           67   
           55   
           66   
           51   
           44   
           47   
           76   
           72   
           27   
